
.Version 8.11.1 of ANADDB 
.(MPI version, prepared for a x86_64_linux_gnu8.2 computer) 

.Copyright (C) 1998-2018 ABINIT group . 
 ANADDB comes with ABSOLUTELY NO WARRANTY.
 It is free software, and you are welcome to redistribute it
 under certain conditions (GNU General Public License,
 see ~abinit/COPYING or http://www.gnu.org/copyleft/gpl.txt).

 ABINIT is a project of the Universite Catholique de Louvain,
 Corning Inc. and other collaborators, see ~abinit/doc/developers/contributors.txt .
 Please read https://docs.abinit.org/theory/acknowledgments for suggested
 acknowledgments of the ABINIT effort.
 For more information, see https://www.abinit.org .

.Starting date : Wed 21 Nov 2018.
- ( at 15h18 )
  

================================================================================

 -outvars_anaddb: echo values of input variables ----------------------

 Flags :
     ifcflag         1
 Miscellaneous information :
         asr         2
      chneut         1
 Interatomic Force Constants Inputs :
      dipdip         0
      ifcana         1
      ifcout      1024
      natifc         5
       atifc         1         2         3         4         5
 Description of grid 1 :
        brav         1
       ngqpt         4         4         4
      nqshft         1
      q1shft
                     0.00000000E+00  0.00000000E+00  0.00000000E+00

================================================================================

 read the DDB information and perform some checks

 Real(R)+Recip(G) space primitive vectors, cartesian coordinates (Bohr,Bohr^-1):
 R(1)=  7.4964981  0.0000000  0.0000000  G(1)=  0.1333956  0.0000000  0.0000000
 R(2)=  0.0000000  7.4964981  0.0000000  G(2)=  0.0000000  0.1333956  0.0000000
 R(3)=  0.0000000  0.0000000  7.4964981  G(3)=  0.0000000  0.0000000  0.1333956
 Unit cell volume ucvol=  4.2128434E+02 bohr^3
 Angles (23,13,12)=  9.00000000E+01  9.00000000E+01  9.00000000E+01 degrees
 Now the whole DDB is in central memory

================================================================================

 Dielectric Tensor and Effective Charges 


 anaddb : Zero the imaginary part of the Dynamical Matrix at Gamma,
   and impose the ASR on the effective charges 

 The violation of the charge neutrality conditions
 by the effective charges is as follows :
    atom        electric field
 displacement     direction
       1               1        0.001506        0.000000
       1               2        0.000000        0.000000
       1               3        0.000000        0.000000
       2               1        0.000000        0.000000
       2               2        0.001506        0.000000
       2               3        0.000000        0.000000
       3               1        0.000000        0.000000
       3               2        0.000000        0.000000
       3               3        0.001506        0.000000

 Effective charge tensors after 
 imposition of the charge neutrality,
 and eventual restriction to some part :
   atom    displacement
         1         1    2.777682E+00    0.000000E+00    0.000000E+00
         1         2    0.000000E+00    2.777682E+00    0.000000E+00
         1         3    0.000000E+00    0.000000E+00    2.777682E+00
         2         1    7.310590E+00    0.000000E+00    0.000000E+00
         2         2    0.000000E+00    7.310590E+00    0.000000E+00
         2         3    0.000000E+00    0.000000E+00    7.310590E+00
         3         1   -2.156823E+00    0.000000E+00    0.000000E+00
         3         2    0.000000E+00   -2.156823E+00    0.000000E+00
         3         3    0.000000E+00    0.000000E+00   -5.774627E+00
         4         1   -5.774627E+00    0.000000E+00    0.000000E+00
         4         2    0.000000E+00   -2.156823E+00    0.000000E+00
         4         3    0.000000E+00    0.000000E+00   -2.156823E+00
         5         1   -2.156823E+00    0.000000E+00    0.000000E+00
         5         2    0.000000E+00   -5.774627E+00    0.000000E+00
         5         3    0.000000E+00    0.000000E+00   -2.156823E+00
 Now, the imaginary part of the dynamical matrix is zeroed

================================================================================

 Calculation of the interatomic forces 

-begin at tcpu      0.021  and twall      0.021 sec
       Homogeneous q point set in the B.Z.
 Grid q points  :       64
  1)   0.00000000E+00  0.00000000E+00  0.00000000E+00
  2)   2.50000000E-01  0.00000000E+00  0.00000000E+00
  3)   5.00000000E-01  0.00000000E+00  0.00000000E+00
  4)  -2.50000000E-01  0.00000000E+00  0.00000000E+00
  5)   0.00000000E+00  2.50000000E-01  0.00000000E+00
  6)   2.50000000E-01  2.50000000E-01  0.00000000E+00
  7)   5.00000000E-01  2.50000000E-01  0.00000000E+00
  8)  -2.50000000E-01  2.50000000E-01  0.00000000E+00
  9)   0.00000000E+00  5.00000000E-01  0.00000000E+00
 10)   2.50000000E-01  5.00000000E-01  0.00000000E+00
 11)   5.00000000E-01  5.00000000E-01  0.00000000E+00
 12)  -2.50000000E-01  5.00000000E-01  0.00000000E+00
 13)   0.00000000E+00 -2.50000000E-01  0.00000000E+00
 14)   2.50000000E-01 -2.50000000E-01  0.00000000E+00
 15)   5.00000000E-01 -2.50000000E-01  0.00000000E+00
 16)  -2.50000000E-01 -2.50000000E-01  0.00000000E+00
 17)   0.00000000E+00  0.00000000E+00  2.50000000E-01
 18)   2.50000000E-01  0.00000000E+00  2.50000000E-01
 19)   5.00000000E-01  0.00000000E+00  2.50000000E-01
 20)  -2.50000000E-01  0.00000000E+00  2.50000000E-01
 21)   0.00000000E+00  2.50000000E-01  2.50000000E-01
 22)   2.50000000E-01  2.50000000E-01  2.50000000E-01
 23)   5.00000000E-01  2.50000000E-01  2.50000000E-01
 24)  -2.50000000E-01  2.50000000E-01  2.50000000E-01
 25)   0.00000000E+00  5.00000000E-01  2.50000000E-01
 26)   2.50000000E-01  5.00000000E-01  2.50000000E-01
 27)   5.00000000E-01  5.00000000E-01  2.50000000E-01
 28)  -2.50000000E-01  5.00000000E-01  2.50000000E-01
 29)   0.00000000E+00 -2.50000000E-01  2.50000000E-01
 30)   2.50000000E-01 -2.50000000E-01  2.50000000E-01
 31)   5.00000000E-01 -2.50000000E-01  2.50000000E-01
 32)  -2.50000000E-01 -2.50000000E-01  2.50000000E-01
 33)   0.00000000E+00  0.00000000E+00  5.00000000E-01
 34)   2.50000000E-01  0.00000000E+00  5.00000000E-01
 35)   5.00000000E-01  0.00000000E+00  5.00000000E-01
 36)  -2.50000000E-01  0.00000000E+00  5.00000000E-01
 37)   0.00000000E+00  2.50000000E-01  5.00000000E-01
 38)   2.50000000E-01  2.50000000E-01  5.00000000E-01
 39)   5.00000000E-01  2.50000000E-01  5.00000000E-01
 40)  -2.50000000E-01  2.50000000E-01  5.00000000E-01
 41)   0.00000000E+00  5.00000000E-01  5.00000000E-01
 42)   2.50000000E-01  5.00000000E-01  5.00000000E-01
 43)   5.00000000E-01  5.00000000E-01  5.00000000E-01
 44)  -2.50000000E-01  5.00000000E-01  5.00000000E-01
 45)   0.00000000E+00 -2.50000000E-01  5.00000000E-01
 46)   2.50000000E-01 -2.50000000E-01  5.00000000E-01
 47)   5.00000000E-01 -2.50000000E-01  5.00000000E-01
 48)  -2.50000000E-01 -2.50000000E-01  5.00000000E-01
 49)   0.00000000E+00  0.00000000E+00 -2.50000000E-01
 50)   2.50000000E-01  0.00000000E+00 -2.50000000E-01
 51)   5.00000000E-01  0.00000000E+00 -2.50000000E-01
 52)  -2.50000000E-01  0.00000000E+00 -2.50000000E-01
 53)   0.00000000E+00  2.50000000E-01 -2.50000000E-01
 54)   2.50000000E-01  2.50000000E-01 -2.50000000E-01
 55)   5.00000000E-01  2.50000000E-01 -2.50000000E-01
 56)  -2.50000000E-01  2.50000000E-01 -2.50000000E-01
 57)   0.00000000E+00  5.00000000E-01 -2.50000000E-01
 58)   2.50000000E-01  5.00000000E-01 -2.50000000E-01
 59)   5.00000000E-01  5.00000000E-01 -2.50000000E-01
 60)  -2.50000000E-01  5.00000000E-01 -2.50000000E-01
 61)   0.00000000E+00 -2.50000000E-01 -2.50000000E-01
 62)   2.50000000E-01 -2.50000000E-01 -2.50000000E-01
 63)   5.00000000E-01 -2.50000000E-01 -2.50000000E-01
 64)  -2.50000000E-01 -2.50000000E-01 -2.50000000E-01

 The interatomic forces have been obtained

 Analysis of interatomic force constants 

 column 1 is related to the displacement
        of the generic atom along x,    
 column 2 is related to the displacement
        of the generic atom along y,    
 column 3 is related to the displacement
        of the generic atom along z,    

 generic atom number   1
 with cartesian coordinates  0.00000000E+00  0.00000000E+00  0.00000000E+00

 Third atom defining local coordinates : 
     ib =    5   irpt =   37

   1 interaction with atom     1 cell      63
 with coordinates     0.000000E+00    0.000000E+00    0.000000E+00
 and distance     0.000000E+00
   0.08622  0.00000  0.00000
   0.00000  0.08622  0.00000
   0.00000  0.00000  0.08622
  Trace           0.25867
 Transformation to local coordinates 
 First  local vector :        0.000000        0.707107       -0.707107
 Second local vector :       -0.816497       -0.408248       -0.408248
 Third  local vector :       -0.577350        0.577350        0.577350
   0.08622  0.00000  0.00000
   0.00000  0.08622  0.00000
   0.00000  0.00000  0.08622

   2 interaction with atom     3 cell      33
 with coordinates    -3.748249E+00   -3.748249E+00    0.000000E+00
 and distance     5.300825E+00
  -0.00279  0.00141  0.00000
   0.00141 -0.00279  0.00000
   0.00000  0.00000 -0.01092
  Trace          -0.01650
 Transformation to local coordinates 
 First  local vector :       -0.707107       -0.707107        0.000000
 Second local vector :        0.707107       -0.707107        0.000000
 Third  local vector :        0.000000        0.000000        1.000000
  -0.00138  0.00000  0.00000
   0.00000 -0.00421  0.00000
   0.00000  0.00000 -0.01092

   3 interaction with atom     5 cell      37
 with coordinates    -3.748249E+00    0.000000E+00   -3.748249E+00
 and distance     5.300825E+00
  -0.00279  0.00000  0.00141
   0.00000 -0.01092  0.00000
   0.00141  0.00000 -0.00279
  Trace          -0.01650
 Transformation to local coordinates 
 First  local vector :       -0.707107        0.000000       -0.707107
 Second local vector :        0.707107        0.000000       -0.707107
 Third  local vector :        0.000000       -1.000000       -0.000000
  -0.00138  0.00000  0.00000
   0.00000 -0.00421  0.00000
   0.00000  0.00000 -0.01092

   4 interaction with atom     3 cell      38
 with coordinates    -3.748249E+00    3.748249E+00    0.000000E+00
 and distance     5.300825E+00
  -0.00279 -0.00141  0.00000
  -0.00141 -0.00279  0.00000
   0.00000  0.00000 -0.01092
  Trace          -0.01650
 Transformation to local coordinates 
 First  local vector :       -0.707107        0.707107        0.000000
 Second local vector :        0.707107        0.707107        0.000000
 Third  local vector :        0.000000        0.000000       -1.000000
  -0.00138  0.00000  0.00000
   0.00000 -0.00421  0.00000
   0.00000  0.00000 -0.01092

   5 interaction with atom     5 cell      38
 with coordinates    -3.748249E+00    0.000000E+00    3.748249E+00
 and distance     5.300825E+00
  -0.00279  0.00000 -0.00141
   0.00000 -0.01092  0.00000
  -0.00141  0.00000 -0.00279
  Trace          -0.01650
 Transformation to local coordinates 
 First  local vector :       -0.707107        0.000000        0.707107
 Second local vector :        0.707107        0.000000        0.707107
 Third  local vector :        0.000000        1.000000       -0.000000
  -0.00138  0.00000  0.00000
   0.00000 -0.00421  0.00000
   0.00000  0.00000 -0.01092

   6 interaction with atom     4 cell      57
 with coordinates     0.000000E+00   -3.748249E+00   -3.748249E+00
 and distance     5.300825E+00
  -0.01092  0.00000  0.00000
   0.00000 -0.00279  0.00141
   0.00000  0.00141 -0.00279
  Trace          -0.01650
 Transformation to local coordinates 
 First  local vector :        0.000000       -0.707107       -0.707107
 Second local vector :        1.000000        0.000000        0.000000
 Third  local vector :        0.000000       -0.707107        0.707107
  -0.00138  0.00000  0.00000
   0.00000 -0.01092  0.00000
   0.00000  0.00000 -0.00421

   7 interaction with atom     3 cell      58
 with coordinates     3.748249E+00   -3.748249E+00    0.000000E+00
 and distance     5.300825E+00
  -0.00279 -0.00141  0.00000
  -0.00141 -0.00279  0.00000
   0.00000  0.00000 -0.01092
  Trace          -0.01650
 Transformation to local coordinates 
 First  local vector :        0.707107       -0.707107        0.000000
 Second local vector :        0.707107        0.707107        0.000000
 Third  local vector :       -0.000000        0.000000        1.000000
  -0.00138  0.00000  0.00000
   0.00000 -0.00421  0.00000
   0.00000  0.00000 -0.01092

   8 interaction with atom     4 cell      58
 with coordinates     0.000000E+00   -3.748249E+00    3.748249E+00
 and distance     5.300825E+00
  -0.01092  0.00000  0.00000
   0.00000 -0.00279 -0.00141
   0.00000 -0.00141 -0.00279
  Trace          -0.01650
 Transformation to local coordinates 
 First  local vector :        0.000000       -0.707107        0.707107
 Second local vector :        1.000000        0.000000        0.000000
 Third  local vector :       -0.000000        0.707107        0.707107
  -0.00138  0.00000  0.00000
   0.00000 -0.01092  0.00000
   0.00000  0.00000 -0.00421

   9 interaction with atom     4 cell      62
 with coordinates     0.000000E+00    3.748249E+00   -3.748249E+00
 and distance     5.300825E+00
  -0.01092  0.00000  0.00000
   0.00000 -0.00279 -0.00141
   0.00000 -0.00141 -0.00279
  Trace          -0.01650
 Transformation to local coordinates 
 First  local vector :        0.000000        0.707107       -0.707107
 Second local vector :        1.000000        0.000000        0.000000
 Third  local vector :        0.000000       -0.707107       -0.707107
  -0.00138  0.00000  0.00000
   0.00000 -0.01092  0.00000
   0.00000  0.00000 -0.00421

  10 interaction with atom     5 cell      62
 with coordinates     3.748249E+00    0.000000E+00   -3.748249E+00
 and distance     5.300825E+00
  -0.00279  0.00000 -0.00141
   0.00000 -0.01092  0.00000
  -0.00141  0.00000 -0.00279
  Trace          -0.01650
 Transformation to local coordinates 
 First  local vector :        0.707107        0.000000       -0.707107
 Second local vector :        0.707107        0.000000        0.707107
 Third  local vector :        0.000000       -1.000000        0.000000
  -0.00138  0.00000  0.00000
   0.00000 -0.00421  0.00000
   0.00000  0.00000 -0.01092

  11 interaction with atom     3 cell      63
 with coordinates     3.748249E+00    3.748249E+00    0.000000E+00
 and distance     5.300825E+00
  -0.00279  0.00141  0.00000
   0.00141 -0.00279  0.00000
   0.00000  0.00000 -0.01092
  Trace          -0.01650
 Transformation to local coordinates 
 First  local vector :        0.707107        0.707107        0.000000
 Second local vector :        0.707107       -0.707107        0.000000
 Third  local vector :        0.000000        0.000000       -1.000000
  -0.00138  0.00000  0.00000
   0.00000 -0.00421  0.00000
   0.00000  0.00000 -0.01092

  12 interaction with atom     4 cell      63
 with coordinates     0.000000E+00    3.748249E+00    3.748249E+00
 and distance     5.300825E+00
  -0.01092  0.00000  0.00000
   0.00000 -0.00279  0.00141
   0.00000  0.00141 -0.00279
  Trace          -0.01650
 Transformation to local coordinates 
 First  local vector :        0.000000        0.707107        0.707107
 Second local vector :        1.000000        0.000000        0.000000
 Third  local vector :        0.000000        0.707107       -0.707107
  -0.00138  0.00000  0.00000
   0.00000 -0.01092  0.00000
   0.00000  0.00000 -0.00421

  13 interaction with atom     5 cell      63
 with coordinates     3.748249E+00    0.000000E+00    3.748249E+00
 and distance     5.300825E+00
  -0.00279  0.00000  0.00141
   0.00000 -0.01092  0.00000
   0.00141  0.00000 -0.00279
  Trace          -0.01650
 Transformation to local coordinates 
 First  local vector :        0.707107        0.000000        0.707107
 Second local vector :        0.707107        0.000000       -0.707107
 Third  local vector :       -0.000000        1.000000        0.000000
  -0.00138  0.00000  0.00000
   0.00000 -0.00421  0.00000
   0.00000  0.00000 -0.01092

  14 interaction with atom     2 cell      32
 with coordinates    -3.748249E+00   -3.748249E+00   -3.748249E+00
 and distance     6.492158E+00
  -0.00123 -0.01458 -0.01458
  -0.01458 -0.00123 -0.01458
  -0.01458 -0.01458 -0.00123
  Trace          -0.00369
 Transformation to local coordinates 
 First  local vector :       -0.577350       -0.577350       -0.577350
 Second local vector :        0.816497       -0.408248       -0.408248
 Third  local vector :       -0.000000       -0.707107        0.707107
  -0.03040  0.00000  0.00000
   0.00000  0.01335  0.00000
   0.00000  0.00000  0.01335

  15 interaction with atom     2 cell      33
 with coordinates    -3.748249E+00   -3.748249E+00    3.748249E+00
 and distance     6.492158E+00
  -0.00123 -0.01458  0.01458
  -0.01458 -0.00123  0.01458
   0.01458  0.01458 -0.00123
  Trace          -0.00369
 Transformation to local coordinates 
 First  local vector :       -0.577350       -0.577350        0.577350
 Second local vector :        0.816497       -0.408248        0.408248
 Third  local vector :        0.000000        0.707107        0.707107
  -0.03040  0.00000  0.00000
   0.00000  0.01335  0.00000
   0.00000  0.00000  0.01335

  16 interaction with atom     2 cell      37
 with coordinates    -3.748249E+00    3.748249E+00   -3.748249E+00
 and distance     6.492158E+00
  -0.00123  0.01458 -0.01458
   0.01458 -0.00123  0.01458
  -0.01458  0.01458 -0.00123
  Trace          -0.00369
 Transformation to local coordinates 
 First  local vector :       -0.577350        0.577350       -0.577350
 Second local vector :        0.816497        0.408248       -0.408248
 Third  local vector :        0.000000       -0.707107       -0.707107
  -0.03040  0.00000  0.00000
   0.00000  0.01335  0.00000
   0.00000  0.00000  0.01335

  17 interaction with atom     2 cell      38
 with coordinates    -3.748249E+00    3.748249E+00    3.748249E+00
 and distance     6.492158E+00
  -0.00123  0.01458  0.01458
   0.01458 -0.00123 -0.01458
   0.01458 -0.01458 -0.00123
  Trace          -0.00369
 Transformation to local coordinates 
 First  local vector :       -0.577350        0.577350        0.577350
 Second local vector :        0.816497        0.408248        0.408248
 Third  local vector :       -0.000000        0.707107       -0.707107
  -0.03040  0.00000  0.00000
   0.00000  0.01335  0.00000
   0.00000  0.00000  0.01335

  18 interaction with atom     2 cell      57
 with coordinates     3.748249E+00   -3.748249E+00   -3.748249E+00
 and distance     6.492158E+00
  -0.00123  0.01458  0.01458
   0.01458 -0.00123 -0.01458
   0.01458 -0.01458 -0.00123
  Trace          -0.00369
 Transformation to local coordinates 
 First  local vector :        0.577350       -0.577350       -0.577350
 Second local vector :        0.816497        0.408248        0.408248
 Third  local vector :        0.000000       -0.707107        0.707107
  -0.03040  0.00000  0.00000
   0.00000  0.01335  0.00000
   0.00000  0.00000  0.01335

  19 interaction with atom     2 cell      58
 with coordinates     3.748249E+00   -3.748249E+00    3.748249E+00
 and distance     6.492158E+00
  -0.00123  0.01458 -0.01458
   0.01458 -0.00123  0.01458
  -0.01458  0.01458 -0.00123
  Trace          -0.00369
 Transformation to local coordinates 
 First  local vector :        0.577350       -0.577350        0.577350
 Second local vector :        0.816497        0.408248       -0.408248
 Third  local vector :       -0.000000        0.707107        0.707107
  -0.03040  0.00000  0.00000
   0.00000  0.01335  0.00000
   0.00000  0.00000  0.01335

  20 interaction with atom     2 cell      62
 with coordinates     3.748249E+00    3.748249E+00   -3.748249E+00
 and distance     6.492158E+00
  -0.00123 -0.01458  0.01458
  -0.01458 -0.00123  0.01458
   0.01458  0.01458 -0.00123
  Trace          -0.00369
 Transformation to local coordinates 
 First  local vector :        0.577350        0.577350       -0.577350
 Second local vector :        0.816497       -0.408248        0.408248
 Third  local vector :       -0.000000       -0.707107       -0.707107
  -0.03040  0.00000  0.00000
   0.00000  0.01335  0.00000
   0.00000  0.00000  0.01335

  21 interaction with atom     2 cell      63
 with coordinates     3.748249E+00    3.748249E+00    3.748249E+00
 and distance     6.492158E+00
  -0.00123 -0.01458 -0.01458
  -0.01458 -0.00123 -0.01458
  -0.01458 -0.01458 -0.00123
  Trace          -0.00369
 Transformation to local coordinates 
 First  local vector :        0.577350        0.577350        0.577350
 Second local vector :        0.816497       -0.408248       -0.408248
 Third  local vector :        0.000000        0.707107       -0.707107
  -0.03040  0.00000  0.00000
   0.00000  0.01335  0.00000
   0.00000  0.00000  0.01335

  22 interaction with atom     1 cell      38
 with coordinates    -7.496498E+00    0.000000E+00    0.000000E+00
 and distance     7.496498E+00
  -0.01152  0.00000  0.00000
   0.00000  0.00379  0.00000
   0.00000  0.00000  0.00379
  Trace          -0.00395
 Transformation to local coordinates 
 First  local vector :       -1.000000        0.000000        0.000000
 Second local vector :        0.000000        1.000000        0.000000
 Third  local vector :        0.000000        0.000000       -1.000000
  -0.01152  0.00000  0.00000
   0.00000  0.00379  0.00000
   0.00000  0.00000  0.00379

  23 interaction with atom     1 cell      58
 with coordinates     0.000000E+00   -7.496498E+00    0.000000E+00
 and distance     7.496498E+00
   0.00379  0.00000  0.00000
   0.00000 -0.01152  0.00000
   0.00000  0.00000  0.00379
  Trace          -0.00395
 Transformation to local coordinates 
 First  local vector :        0.000000       -1.000000        0.000000
 Second local vector :        1.000000        0.000000        0.000000
 Third  local vector :       -0.000000        0.000000        1.000000
  -0.01152  0.00000  0.00000
   0.00000  0.00379  0.00000
   0.00000  0.00000  0.00379

  24 interaction with atom     1 cell      62
 with coordinates     0.000000E+00    0.000000E+00   -7.496498E+00
 and distance     7.496498E+00
   0.00379  0.00000  0.00000
   0.00000  0.00379  0.00000
   0.00000  0.00000 -0.01152
  Trace          -0.00395
 Transformation to local coordinates 
 First  local vector :        0.000000        0.000000       -1.000000
 Second local vector :        1.000000        0.000000        0.000000
 Third  local vector :        0.000000       -1.000000        0.000000
  -0.01152  0.00000  0.00000
   0.00000  0.00379  0.00000
   0.00000  0.00000  0.00379

  25 interaction with atom     1 cell      64
 with coordinates     0.000000E+00    0.000000E+00    7.496498E+00
 and distance     7.496498E+00
   0.00379  0.00000  0.00000
   0.00000  0.00379  0.00000
   0.00000  0.00000 -0.01152
  Trace          -0.00395
 Transformation to local coordinates 
 First  local vector :        0.000000        0.000000        1.000000
 Second local vector :        1.000000        0.000000        0.000000
 Third  local vector :        0.000000        1.000000        0.000000
  -0.01152  0.00000  0.00000
   0.00000  0.00379  0.00000
   0.00000  0.00000  0.00379

  26 interaction with atom     1 cell      68
 with coordinates     0.000000E+00    7.496498E+00    0.000000E+00
 and distance     7.496498E+00
   0.00379  0.00000  0.00000
   0.00000 -0.01152  0.00000
   0.00000  0.00000  0.00379
  Trace          -0.00395
 Transformation to local coordinates 
 First  local vector :        0.000000        1.000000        0.000000
 Second local vector :        1.000000        0.000000        0.000000
 Third  local vector :        0.000000        0.000000       -1.000000
  -0.01152  0.00000  0.00000
   0.00000  0.00379  0.00000
   0.00000  0.00000  0.00379

  27 interaction with atom     1 cell      88
 with coordinates     7.496498E+00    0.000000E+00    0.000000E+00
 and distance     7.496498E+00
  -0.01152  0.00000  0.00000
   0.00000  0.00379  0.00000
   0.00000  0.00000  0.00379
  Trace          -0.00395
 Transformation to local coordinates 
 First  local vector :        1.000000        0.000000        0.000000
 Second local vector :        0.000000        1.000000        0.000000
 Third  local vector :        0.000000        0.000000        1.000000
  -0.01152  0.00000  0.00000
   0.00000  0.00379  0.00000
   0.00000  0.00000  0.00379

  28 interaction with atom     3 cell      32
 with coordinates    -3.748249E+00   -3.748249E+00   -7.496498E+00
 and distance     9.181298E+00
  -0.00066  0.00089  0.00109
   0.00089 -0.00066  0.00109
   0.00299  0.00299  0.00265
  Trace           0.00133
 Transformation to local coordinates 
 First  local vector :       -0.408248       -0.408248       -0.816497
 Second local vector :       -0.577350       -0.577350        0.577350
 Third  local vector :       -0.707107        0.707107       -0.000000
   0.00456  0.00117  0.00000
  -0.00153 -0.00168  0.00000
   0.00000  0.00000 -0.00156

  29 interaction with atom     4 cell      32
 with coordinates    -7.496498E+00   -3.748249E+00   -3.748249E+00
 and distance     9.181298E+00
   0.00265  0.00299  0.00299
   0.00109 -0.00066  0.00089
   0.00109  0.00089 -0.00066
  Trace           0.00133
 Transformation to local coordinates 
 First  local vector :       -0.816497       -0.408248       -0.408248
 Second local vector :        0.577350       -0.577350       -0.577350
 Third  local vector :       -0.000000       -0.707107        0.707107
   0.00456  0.00117  0.00000
  -0.00153 -0.00168  0.00000
   0.00000  0.00000 -0.00156

  30 interaction with atom     5 cell      32
 with coordinates    -3.748249E+00   -7.496498E+00   -3.748249E+00
 and distance     9.181298E+00
  -0.00066  0.00109  0.00089
   0.00299  0.00265  0.00299
   0.00089  0.00109 -0.00066
  Trace           0.00133
 Transformation to local coordinates 
 First  local vector :       -0.408248       -0.816497       -0.408248
 Second local vector :       -0.577350        0.577350       -0.577350
 Third  local vector :        0.707107       -0.000000       -0.707107
   0.00456  0.00117  0.00000
  -0.00153 -0.00168  0.00000
   0.00000  0.00000 -0.00156

  31 interaction with atom     4 cell      33
 with coordinates    -7.496498E+00   -3.748249E+00    3.748249E+00
 and distance     9.181298E+00
   0.00265  0.00299 -0.00299
   0.00109 -0.00066 -0.00089
  -0.00109 -0.00089 -0.00066
  Trace           0.00133
 Transformation to local coordinates 
 First  local vector :       -0.816497       -0.408248        0.408248
 Second local vector :        0.577350       -0.577350        0.577350
 Third  local vector :        0.000000        0.707107        0.707107
   0.00456  0.00117  0.00000
  -0.00153 -0.00168  0.00000
   0.00000  0.00000 -0.00156

  32 interaction with atom     5 cell      33
 with coordinates    -3.748249E+00   -7.496498E+00    3.748249E+00
 and distance     9.181298E+00
  -0.00066  0.00109 -0.00089
   0.00299  0.00265 -0.00299
  -0.00089 -0.00109 -0.00066
  Trace           0.00133
 Transformation to local coordinates 
 First  local vector :       -0.408248       -0.816497        0.408248
 Second local vector :       -0.577350        0.577350        0.577350
 Third  local vector :       -0.707107        0.000000       -0.707107
   0.00456  0.00117  0.00000
  -0.00153 -0.00168  0.00000
   0.00000  0.00000 -0.00156

  33 interaction with atom     3 cell      34
 with coordinates    -3.748249E+00   -3.748249E+00    7.496498E+00
 and distance     9.181298E+00
  -0.00066  0.00089 -0.00109
   0.00089 -0.00066 -0.00109
  -0.00299 -0.00299  0.00265
  Trace           0.00133
 Transformation to local coordinates 
 First  local vector :       -0.408248       -0.408248        0.816497
 Second local vector :       -0.577350       -0.577350       -0.577350
 Third  local vector :        0.707107       -0.707107       -0.000000
   0.00456  0.00117  0.00000
  -0.00153 -0.00168  0.00000
   0.00000  0.00000 -0.00156

  34 interaction with atom     3 cell      37
 with coordinates    -3.748249E+00    3.748249E+00   -7.496498E+00
 and distance     9.181298E+00
  -0.00066 -0.00089  0.00109
  -0.00089 -0.00066 -0.00109
   0.00299 -0.00299  0.00265
  Trace           0.00133
 Transformation to local coordinates 
 First  local vector :       -0.408248        0.408248       -0.816497
 Second local vector :       -0.577350        0.577350        0.577350
 Third  local vector :        0.707107        0.707107       -0.000000
   0.00456  0.00117  0.00000
  -0.00153 -0.00168  0.00000
   0.00000  0.00000 -0.00156

  35 interaction with atom     4 cell      37
 with coordinates    -7.496498E+00    3.748249E+00   -3.748249E+00
 and distance     9.181298E+00
   0.00265 -0.00299  0.00299
  -0.00109 -0.00066 -0.00089
   0.00109 -0.00089 -0.00066
  Trace           0.00133
 Transformation to local coordinates 
 First  local vector :       -0.816497        0.408248       -0.408248
 Second local vector :        0.577350        0.577350       -0.577350
 Third  local vector :       -0.000000       -0.707107       -0.707107
   0.00456  0.00117  0.00000
  -0.00153 -0.00168  0.00000
   0.00000  0.00000 -0.00156

  36 interaction with atom     4 cell      38
 with coordinates    -7.496498E+00    3.748249E+00    3.748249E+00
 and distance     9.181298E+00
   0.00265 -0.00299 -0.00299
  -0.00109 -0.00066  0.00089
  -0.00109  0.00089 -0.00066
  Trace           0.00133
 Transformation to local coordinates 
 First  local vector :       -0.816497        0.408248        0.408248
 Second local vector :        0.577350        0.577350        0.577350
 Third  local vector :        0.000000        0.707107       -0.707107
   0.00456  0.00117  0.00000
  -0.00153 -0.00168  0.00000
   0.00000  0.00000 -0.00156

  37 interaction with atom     3 cell      39
 with coordinates    -3.748249E+00    3.748249E+00    7.496498E+00
 and distance     9.181298E+00
  -0.00066 -0.00089 -0.00109
  -0.00089 -0.00066  0.00109
  -0.00299  0.00299  0.00265
  Trace           0.00133
 Transformation to local coordinates 
 First  local vector :       -0.408248        0.408248        0.816497
 Second local vector :       -0.577350        0.577350       -0.577350
 Third  local vector :       -0.707107       -0.707107       -0.000000
   0.00456  0.00117  0.00000
  -0.00153 -0.00168  0.00000
   0.00000  0.00000 -0.00156

  38 interaction with atom     5 cell      42
 with coordinates    -3.748249E+00    7.496498E+00   -3.748249E+00
 and distance     9.181298E+00
  -0.00066 -0.00109  0.00089
  -0.00299  0.00265 -0.00299
   0.00089 -0.00109 -0.00066
  Trace           0.00133
 Transformation to local coordinates 
 First  local vector :       -0.408248        0.816497       -0.408248
 Second local vector :       -0.577350       -0.577350       -0.577350
 Third  local vector :       -0.707107       -0.000000        0.707107
   0.00456  0.00117  0.00000
  -0.00153 -0.00168  0.00000
   0.00000  0.00000 -0.00156

  39 interaction with atom     5 cell      43
 with coordinates    -3.748249E+00    7.496498E+00    3.748249E+00
 and distance     9.181298E+00
  -0.00066 -0.00109 -0.00089
  -0.00299  0.00265  0.00299
  -0.00089  0.00109 -0.00066
  Trace           0.00133
 Transformation to local coordinates 
 First  local vector :       -0.408248        0.816497        0.408248
 Second local vector :       -0.577350       -0.577350        0.577350
 Third  local vector :        0.707107       -0.000000        0.707107
   0.00456  0.00117  0.00000
  -0.00153 -0.00168  0.00000
   0.00000  0.00000 -0.00156

  40 interaction with atom     3 cell      57
 with coordinates     3.748249E+00   -3.748249E+00   -7.496498E+00
 and distance     9.181298E+00
  -0.00066 -0.00089 -0.00109
  -0.00089 -0.00066  0.00109
  -0.00299  0.00299  0.00265
  Trace           0.00133
 Transformation to local coordinates 
 First  local vector :        0.408248       -0.408248       -0.816497
 Second local vector :        0.577350       -0.577350        0.577350
 Third  local vector :       -0.707107       -0.707107        0.000000
   0.00456  0.00117  0.00000
  -0.00153 -0.00168  0.00000
   0.00000  0.00000 -0.00156

  41 interaction with atom     5 cell      57
 with coordinates     3.748249E+00   -7.496498E+00   -3.748249E+00
 and distance     9.181298E+00
  -0.00066 -0.00109 -0.00089
  -0.00299  0.00265  0.00299
  -0.00089  0.00109 -0.00066
  Trace           0.00133
 Transformation to local coordinates 
 First  local vector :        0.408248       -0.816497       -0.408248
 Second local vector :        0.577350        0.577350       -0.577350
 Third  local vector :        0.707107        0.000000        0.707107
   0.00456  0.00117  0.00000
  -0.00153 -0.00168  0.00000
   0.00000  0.00000 -0.00156

  42 interaction with atom     5 cell      58
 with coordinates     3.748249E+00   -7.496498E+00    3.748249E+00
 and distance     9.181298E+00
  -0.00066 -0.00109  0.00089
  -0.00299  0.00265 -0.00299
   0.00089 -0.00109 -0.00066
  Trace           0.00133
 Transformation to local coordinates 
 First  local vector :        0.408248       -0.816497        0.408248
 Second local vector :        0.577350        0.577350        0.577350
 Third  local vector :       -0.707107        0.000000        0.707107
   0.00456  0.00117  0.00000
  -0.00153 -0.00168  0.00000
   0.00000  0.00000 -0.00156

  43 interaction with atom     3 cell      59
 with coordinates     3.748249E+00   -3.748249E+00    7.496498E+00
 and distance     9.181298E+00
  -0.00066 -0.00089  0.00109
  -0.00089 -0.00066 -0.00109
   0.00299 -0.00299  0.00265
  Trace           0.00133
 Transformation to local coordinates 
 First  local vector :        0.408248       -0.408248        0.816497
 Second local vector :        0.577350       -0.577350       -0.577350
 Third  local vector :        0.707107        0.707107        0.000000
   0.00456  0.00117  0.00000
  -0.00153 -0.00168  0.00000
   0.00000  0.00000 -0.00156

  44 interaction with atom     3 cell      62
 with coordinates     3.748249E+00    3.748249E+00   -7.496498E+00
 and distance     9.181298E+00
  -0.00066  0.00089 -0.00109
   0.00089 -0.00066 -0.00109
  -0.00299 -0.00299  0.00265
  Trace           0.00133
 Transformation to local coordinates 
 First  local vector :        0.408248        0.408248       -0.816497
 Second local vector :        0.577350        0.577350        0.577350
 Third  local vector :        0.707107       -0.707107        0.000000
   0.00456  0.00117  0.00000
  -0.00153 -0.00168  0.00000
   0.00000  0.00000 -0.00156

  45 interaction with atom     3 cell      64
 with coordinates     3.748249E+00    3.748249E+00    7.496498E+00
 and distance     9.181298E+00
  -0.00066  0.00089  0.00109
   0.00089 -0.00066  0.00109
   0.00299  0.00299  0.00265
  Trace           0.00133
 Transformation to local coordinates 
 First  local vector :        0.408248        0.408248        0.816497
 Second local vector :        0.577350        0.577350       -0.577350
 Third  local vector :       -0.707107        0.707107        0.000000
   0.00456  0.00117  0.00000
  -0.00153 -0.00168  0.00000
   0.00000  0.00000 -0.00156

  46 interaction with atom     5 cell      67
 with coordinates     3.748249E+00    7.496498E+00   -3.748249E+00
 and distance     9.181298E+00
  -0.00066  0.00109 -0.00089
   0.00299  0.00265 -0.00299
  -0.00089 -0.00109 -0.00066
  Trace           0.00133
 Transformation to local coordinates 
 First  local vector :        0.408248        0.816497       -0.408248
 Second local vector :        0.577350       -0.577350       -0.577350
 Third  local vector :       -0.707107       -0.000000       -0.707107
   0.00456  0.00117  0.00000
  -0.00153 -0.00168  0.00000
   0.00000  0.00000 -0.00156

  47 interaction with atom     5 cell      68
 with coordinates     3.748249E+00    7.496498E+00    3.748249E+00
 and distance     9.181298E+00
  -0.00066  0.00109  0.00089
   0.00299  0.00265  0.00299
   0.00089  0.00109 -0.00066
  Trace           0.00133
 Transformation to local coordinates 
 First  local vector :        0.408248        0.816497        0.408248
 Second local vector :        0.577350       -0.577350        0.577350
 Third  local vector :        0.707107        0.000000       -0.707107
   0.00456  0.00117  0.00000
  -0.00153 -0.00168  0.00000
   0.00000  0.00000 -0.00156

  48 interaction with atom     4 cell      82
 with coordinates     7.496498E+00   -3.748249E+00   -3.748249E+00
 and distance     9.181298E+00
   0.00265 -0.00299 -0.00299
  -0.00109 -0.00066  0.00089
  -0.00109  0.00089 -0.00066
  Trace           0.00133
 Transformation to local coordinates 
 First  local vector :        0.816497       -0.408248       -0.408248
 Second local vector :       -0.577350       -0.577350       -0.577350
 Third  local vector :       -0.000000        0.707107       -0.707107
   0.00456  0.00117  0.00000
  -0.00153 -0.00168  0.00000
   0.00000  0.00000 -0.00156

  49 interaction with atom     4 cell      83
 with coordinates     7.496498E+00   -3.748249E+00    3.748249E+00
 and distance     9.181298E+00
   0.00265 -0.00299  0.00299
  -0.00109 -0.00066 -0.00089
   0.00109 -0.00089 -0.00066
  Trace           0.00133
 Transformation to local coordinates 
 First  local vector :        0.816497       -0.408248        0.408248
 Second local vector :       -0.577350       -0.577350        0.577350
 Third  local vector :        0.000000       -0.707107       -0.707107
   0.00456  0.00117  0.00000
  -0.00153 -0.00168  0.00000
   0.00000  0.00000 -0.00156

  50 interaction with atom     4 cell      87
 with coordinates     7.496498E+00    3.748249E+00   -3.748249E+00
 and distance     9.181298E+00
   0.00265  0.00299 -0.00299
   0.00109 -0.00066 -0.00089
  -0.00109 -0.00089 -0.00066
  Trace           0.00133
 Transformation to local coordinates 
 First  local vector :        0.816497        0.408248       -0.408248
 Second local vector :       -0.577350        0.577350       -0.577350
 Third  local vector :       -0.000000        0.707107        0.707107
   0.00456  0.00117  0.00000
  -0.00153 -0.00168  0.00000
   0.00000  0.00000 -0.00156

  51 interaction with atom     4 cell      88
 with coordinates     7.496498E+00    3.748249E+00    3.748249E+00
 and distance     9.181298E+00
   0.00265  0.00299  0.00299
   0.00109 -0.00066  0.00089
   0.00109  0.00089 -0.00066
  Trace           0.00133
 Transformation to local coordinates 
 First  local vector :        0.816497        0.408248        0.408248
 Second local vector :       -0.577350        0.577350        0.577350
 Third  local vector :        0.000000       -0.707107        0.707107
   0.00456  0.00117  0.00000
  -0.00153 -0.00168  0.00000
   0.00000  0.00000 -0.00156

  52 interaction with atom     1 cell      33
 with coordinates    -7.496498E+00   -7.496498E+00    0.000000E+00
 and distance     1.060165E+01
  -0.00121 -0.00162  0.00000
  -0.00162 -0.00121  0.00000
   0.00000  0.00000  0.00112
  Trace          -0.00129
 Transformation to local coordinates 
 First  local vector :       -0.707107       -0.707107        0.000000
 Second local vector :        0.707107       -0.707107        0.000000
 Third  local vector :        0.000000        0.000000        1.000000
  -0.00283  0.00000  0.00000
   0.00000  0.00041  0.00000
   0.00000  0.00000  0.00112

  53 interaction with atom     1 cell      37
 with coordinates    -7.496498E+00    0.000000E+00   -7.496498E+00
 and distance     1.060165E+01
  -0.00121  0.00000 -0.00162
   0.00000  0.00112  0.00000
  -0.00162  0.00000 -0.00121
  Trace          -0.00129
 Transformation to local coordinates 
 First  local vector :       -0.707107        0.000000       -0.707107
 Second local vector :        0.707107        0.000000       -0.707107
 Third  local vector :        0.000000       -1.000000       -0.000000
  -0.00283  0.00000  0.00000
   0.00000  0.00041  0.00000
   0.00000  0.00000  0.00112

  54 interaction with atom     1 cell      39
