
.Version 8.6.1 of ANADDB 
.(MPI version, prepared for a x86_64_linux_intel0.0 computer) 

.Copyright (C) 1998-2017 ABINIT group . 
 ANADDB comes with ABSOLUTELY NO WARRANTY.
 It is free software, and you are welcome to redistribute it
 under certain conditions (GNU General Public License,
 see ~abinit/COPYING or http://www.gnu.org/copyleft/gpl.txt).

 ABINIT is a project of the Universite Catholique de Louvain,
 Corning Inc. and other collaborators, see ~abinit/doc/developers/contributors.txt .
 Please read ~abinit/doc/users/acknowledgments.html for suggested
 acknowledgments of the ABINIT effort.
 For more information, see https://www.abinit.org .

.Starting date : Fri 23 Feb 2018.
- ( at 13h14 )
  

================================================================================

 -outvars_anaddb: echo values of input variables ----------------------

 Flags :
     ifcflag         1
 Miscellaneous information :
         asr         2
      chneut         1
   symdynmat         0
 Interatomic Force Constants Inputs :
      dipdip         0
      ifcana         1
      ifcout  10000000
      natifc         5
       atifc         1         2         3         4         5
 Description of grid 1 :
        brav         1
       ngqpt         2         2         2
      nqshft         1
      q1shft
                     0.00000000E+00  0.00000000E+00  0.00000000E+00

================================================================================

 read the DDB information and perform some checks
 
 Real(R)+Recip(G) space primitive vectors, cartesian coordinates (Bohr,Bohr^-1):
 R(1)=  7.2061006  0.0000000  0.0000000  G(1)=  0.1387713  0.0000000  0.0000000
 R(2)=  0.0000000  7.2061006  0.0000000  G(2)=  0.0000000  0.1387713  0.0000000
 R(3)=  0.0000000  0.0000000  7.2061006  G(3)=  0.0000000  0.0000000  0.1387713
 Unit cell volume ucvol=  3.7419756E+02 bohr^3
 Angles (23,13,12)=  9.00000000E+01  9.00000000E+01  9.00000000E+01 degrees
 Now the whole DDB is in central memory
 
================================================================================
 
 Dielectric Tensor and Effective Charges 
 
 
 anaddb : Zero the imaginary part of the Dynamical Matrix at Gamma,
   and impose the ASR on the effective charges 
 
 The violation of the charge neutrality conditions
 by the effective charges is as follows :
    atom        electric field
 displacement     direction
       1               1        0.000000        0.000000
       1               2        0.000000        0.000000
       1               3        0.000000        0.000000
       2               1        0.000000        0.000000
       2               2        0.000000        0.000000
       2               3        0.000000        0.000000
       3               1        0.000000        0.000000
       3               2        0.000000        0.000000
       3               3        0.000000        0.000000
 
 Effective charge tensors after 
 imposition of the charge neutrality,
 and eventual restriction to some part :
   atom    displacement
         1         1    7.683048E+00    0.000000E+00    0.000000E+00
         1         2    0.000000E+00    7.683048E+00    0.000000E+00
         1         3    0.000000E+00    0.000000E+00    7.683048E+00
         2         1   -1.717032E+00    0.000000E+00    0.000000E+00
         2         2    0.000000E+00   -1.717032E+00    0.000000E+00
         2         3    0.000000E+00    0.000000E+00   -6.823322E+00
         3         1   -6.823322E+00    0.000000E+00    0.000000E+00
         3         2    0.000000E+00   -1.717032E+00    0.000000E+00
         3         3    0.000000E+00    0.000000E+00   -1.717032E+00
         4         1   -1.717032E+00    0.000000E+00    0.000000E+00
         4         2    0.000000E+00   -6.823322E+00    0.000000E+00
         4         3    0.000000E+00    0.000000E+00   -1.717032E+00
         5         1    2.574338E+00    0.000000E+00    0.000000E+00
         5         2    0.000000E+00    2.574338E+00    0.000000E+00
         5         3    0.000000E+00    0.000000E+00    2.574338E+00
 Now, the imaginary part of the dynamical matrix is zeroed
 
================================================================================
 
 Calculation of the interatomic forces 
 
-begin at tcpu      0.040  and twall      0.040 sec
       Homogeneous q point set in the B.Z.
 Grid q points  :        8
  1)   0.00000000E+00  0.00000000E+00  0.00000000E+00
  2)   5.00000000E-01  0.00000000E+00  0.00000000E+00
  3)   0.00000000E+00  5.00000000E-01  0.00000000E+00
  4)   5.00000000E-01  5.00000000E-01  0.00000000E+00
  5)   0.00000000E+00  0.00000000E+00  5.00000000E-01
  6)   5.00000000E-01  0.00000000E+00  5.00000000E-01
  7)   0.00000000E+00  5.00000000E-01  5.00000000E-01
  8)   5.00000000E-01  5.00000000E-01  5.00000000E-01
 
 The interatomic forces have been obtained

 Analysis of interatomic force constants 

 column 1 is related to the displacement
        of the generic atom along x,    
 column 2 is related to the displacement
        of the generic atom along y,    
 column 3 is related to the displacement
        of the generic atom along z,    

  NOTE: Open file ifcinfo.out, for the output of interatomic force constants. This is because prt_ifc==1. 

  NOTE: Open file outfile.forceconstants_ABINIT, for the output of interatomic force constants in TDEP format. This is because prt_ifc==1. 

 generic atom number   1
 with cartesian coordinates  3.60305028E+00  3.60305028E+00  3.60305028E+00

 Third atom defining local coordinates : 
     ib =    3   irpt =   14

   1 interaction with atom     1 cell      14
 with coordinates     3.603050E+00    3.603050E+00    3.603050E+00
 and distance     0.000000E+00
   0.17903  0.00000  0.00000
   0.00000  0.17903  0.00000
   0.00000  0.00000  0.17903
  Trace           0.53708
 Transformation to local coordinates 
 First  local vector :       -0.707107        0.000000        0.707107
 Second local vector :       -0.707107        0.000000       -0.707107
 Third  local vector :        0.000000       -1.000000        0.000000
   0.17903  0.00000  0.00000
   0.00000  0.17903  0.00000
   0.00000  0.00000  0.17903

   2 interaction with atom     2 cell      14
 with coordinates     3.603050E+00    3.603050E+00    0.000000E+00
 and distance     3.603050E+00
  -0.00414  0.00000  0.00000
   0.00000 -0.00414  0.00000
   0.00000  0.00000 -0.01207
  Trace          -0.02035
 Transformation to local coordinates 
 First  local vector :        0.000000        0.000000       -1.000000
 Second local vector :        1.000000        0.000000        0.000000
 Third  local vector :        0.000000       -1.000000        0.000000
  -0.01207  0.00000  0.00000
   0.00000 -0.00414  0.00000
   0.00000  0.00000 -0.00414

   3 interaction with atom     3 cell      14
 with coordinates     0.000000E+00    3.603050E+00    3.603050E+00
 and distance     3.603050E+00
  -0.01207  0.00000  0.00000
   0.00000 -0.00414  0.00000
   0.00000  0.00000 -0.00414
  Trace          -0.02035
 Transformation to local coordinates 
 First  local vector :       -1.000000        0.000000        0.000000
 Second local vector :        0.000000        1.000000        0.000000
 Third  local vector :        0.000000        0.000000       -1.000000
  -0.01207  0.00000  0.00000
   0.00000 -0.00414  0.00000
   0.00000  0.00000 -0.00414

   4 interaction with atom     4 cell      14
 with coordinates     3.603050E+00    0.000000E+00    3.603050E+00
 and distance     3.603050E+00
  -0.00414  0.00000  0.00000
   0.00000 -0.01207  0.00000
   0.00000  0.00000 -0.00414
  Trace          -0.02035
 Transformation to local coordinates 
 First  local vector :        0.000000       -1.000000        0.000000
 Second local vector :        1.000000        0.000000        0.000000
 Third  local vector :        0.000000        0.000000        1.000000
  -0.01207  0.00000  0.00000
   0.00000 -0.00414  0.00000
   0.00000  0.00000 -0.00414

   5 interaction with atom     2 cell      15
 with coordinates     3.603050E+00    3.603050E+00    7.206101E+00
 and distance     3.603050E+00
  -0.00414  0.00000  0.00000
   0.00000 -0.00414  0.00000
   0.00000  0.00000 -0.01207
  Trace          -0.02035
 Transformation to local coordinates 
 First  local vector :        0.000000        0.000000        1.000000
 Second local vector :        1.000000        0.000000        0.000000
 Third  local vector :        0.000000        1.000000        0.000000
  -0.01207  0.00000  0.00000
   0.00000 -0.00414  0.00000
   0.00000  0.00000 -0.00414

   6 interaction with atom     4 cell      17
 with coordinates     3.603050E+00    7.206101E+00    3.603050E+00
 and distance     3.603050E+00
  -0.00414  0.00000  0.00000
   0.00000 -0.01207  0.00000
   0.00000  0.00000 -0.00414
  Trace          -0.02035
 Transformation to local coordinates 
 First  local vector :        0.000000        1.000000        0.000000
 Second local vector :        1.000000        0.000000        0.000000
 Third  local vector :        0.000000        0.000000       -1.000000
  -0.01207  0.00000  0.00000
   0.00000 -0.00414  0.00000
   0.00000  0.00000 -0.00414

   7 interaction with atom     3 cell      23
 with coordinates     7.206101E+00    3.603050E+00    3.603050E+00
 and distance     3.603050E+00
  -0.01207  0.00000  0.00000
   0.00000 -0.00414  0.00000
   0.00000  0.00000 -0.00414
  Trace          -0.02035
 Transformation to local coordinates 
 First  local vector :        1.000000        0.000000        0.000000
 Second local vector :        0.000000        1.000000        0.000000
 Third  local vector :        0.000000        0.000000        1.000000
  -0.01207  0.00000  0.00000
   0.00000 -0.00414  0.00000
   0.00000  0.00000 -0.00414

   8 interaction with atom     5 cell      14
 with coordinates     0.000000E+00    0.000000E+00    0.000000E+00
 and distance     6.240666E+00
  -0.00374  0.00933  0.00933
   0.00933 -0.00374  0.00933
   0.00933  0.00933 -0.00374
  Trace          -0.01123
 Transformation to local coordinates 
 First  local vector :       -0.577350       -0.577350       -0.577350
 Second local vector :        0.816497       -0.408248       -0.408248
 Third  local vector :        0.000000       -0.707107        0.707107
   0.01492  0.00000  0.00000
   0.00000 -0.01308  0.00000
   0.00000  0.00000 -0.01308

   9 interaction with atom     5 cell      15
 with coordinates     0.000000E+00    0.000000E+00    7.206101E+00
 and distance     6.240666E+00
  -0.00374  0.00933 -0.00933
   0.00933 -0.00374 -0.00933
  -0.00933 -0.00933 -0.00374
  Trace          -0.01123
 Transformation to local coordinates 
 First  local vector :       -0.577350       -0.577350        0.577350
 Second local vector :        0.816497       -0.408248        0.408248
 Third  local vector :        0.000000        0.707107        0.707107
   0.01492  0.00000  0.00000
   0.00000 -0.01308  0.00000
   0.00000  0.00000 -0.01308

  10 interaction with atom     5 cell      17
 with coordinates     0.000000E+00    7.206101E+00    0.000000E+00
 and distance     6.240666E+00
  -0.00374 -0.00933  0.00933
  -0.00933 -0.00374 -0.00933
   0.00933 -0.00933 -0.00374
  Trace          -0.01123
 Transformation to local coordinates 
 First  local vector :       -0.577350        0.577350       -0.577350
 Second local vector :        0.816497        0.408248       -0.408248
 Third  local vector :        0.000000       -0.707107       -0.707107
   0.01492  0.00000  0.00000
   0.00000 -0.01308  0.00000
   0.00000  0.00000 -0.01308

  11 interaction with atom     5 cell      18
 with coordinates     0.000000E+00    7.206101E+00    7.206101E+00
 and distance     6.240666E+00
  -0.00374 -0.00933 -0.00933
  -0.00933 -0.00374  0.00933
  -0.00933  0.00933 -0.00374
  Trace          -0.01123
 Transformation to local coordinates 
 First  local vector :       -0.577350        0.577350        0.577350
 Second local vector :        0.816497        0.408248        0.408248
 Third  local vector :        0.000000        0.707107       -0.707107
   0.01492  0.00000  0.00000
   0.00000 -0.01308  0.00000
   0.00000  0.00000 -0.01308

  12 interaction with atom     5 cell      23
 with coordinates     7.206101E+00    0.000000E+00    0.000000E+00
 and distance     6.240666E+00
  -0.00374 -0.00933 -0.00933
  -0.00933 -0.00374  0.00933
  -0.00933  0.00933 -0.00374
  Trace          -0.01123
 Transformation to local coordinates 
 First  local vector :        0.577350       -0.577350       -0.577350
 Second local vector :        0.816497        0.408248        0.408248
 Third  local vector :        0.000000       -0.707107        0.707107
   0.01492  0.00000  0.00000
   0.00000 -0.01308  0.00000
   0.00000  0.00000 -0.01308

  13 interaction with atom     5 cell      24
 with coordinates     7.206101E+00    0.000000E+00    7.206101E+00
 and distance     6.240666E+00
  -0.00374 -0.00933  0.00933
  -0.00933 -0.00374 -0.00933
   0.00933 -0.00933 -0.00374
  Trace          -0.01123
 Transformation to local coordinates 
 First  local vector :        0.577350       -0.577350        0.577350
 Second local vector :        0.816497        0.408248       -0.408248
 Third  local vector :        0.000000        0.707107        0.707107
   0.01492  0.00000  0.00000
   0.00000 -0.01308  0.00000
   0.00000  0.00000 -0.01308

  14 interaction with atom     5 cell      26
 with coordinates     7.206101E+00    7.206101E+00    0.000000E+00
 and distance     6.240666E+00
  -0.00374  0.00933 -0.00933
   0.00933 -0.00374 -0.00933
  -0.00933 -0.00933 -0.00374
  Trace          -0.01123
 Transformation to local coordinates 
 First  local vector :        0.577350        0.577350       -0.577350
 Second local vector :        0.816497       -0.408248        0.408248
 Third  local vector :        0.000000       -0.707107       -0.707107
   0.01492  0.00000  0.00000
   0.00000 -0.01308  0.00000
   0.00000  0.00000 -0.01308

  15 interaction with atom     5 cell      27
 with coordinates     7.206101E+00    7.206101E+00    7.206101E+00
 and distance     6.240666E+00
  -0.00374  0.00933  0.00933
   0.00933 -0.00374  0.00933
   0.00933  0.00933 -0.00374
  Trace          -0.01123
 Transformation to local coordinates 
 First  local vector :        0.577350        0.577350        0.577350
 Second local vector :        0.816497       -0.408248       -0.408248
 Third  local vector :        0.000000        0.707107       -0.707107
   0.01492  0.00000  0.00000
   0.00000 -0.01308  0.00000
   0.00000  0.00000 -0.01308

  16 interaction with atom     1 cell       5
 with coordinates    -3.603050E+00    3.603050E+00    3.603050E+00
 and distance     7.206101E+00
  -0.05121  0.00000  0.00000
   0.00000 -0.00862  0.00000
   0.00000  0.00000 -0.00862
  Trace          -0.06846
 Transformation to local coordinates 
 First  local vector :       -1.000000        0.000000        0.000000
 Second local vector :        0.000000        1.000000        0.000000
 Third  local vector :        0.000000        0.000000       -1.000000
  -0.05121  0.00000  0.00000
   0.00000 -0.00862  0.00000
   0.00000  0.00000 -0.00862

  17 interaction with atom     1 cell      11
 with coordinates     3.603050E+00   -3.603050E+00    3.603050E+00
 and distance     7.206101E+00
  -0.00862  0.00000  0.00000
   0.00000 -0.05121  0.00000
   0.00000  0.00000 -0.00862
  Trace          -0.06846
 Transformation to local coordinates 
 First  local vector :        0.000000       -1.000000        0.000000
 Second local vector :        1.000000        0.000000        0.000000
 Third  local vector :        0.000000        0.000000        1.000000
  -0.05121  0.00000  0.00000
   0.00000 -0.00862  0.00000
   0.00000  0.00000 -0.00862

  18 interaction with atom     1 cell      13
 with coordinates     3.603050E+00    3.603050E+00   -3.603050E+00
 and distance     7.206101E+00
  -0.00862  0.00000  0.00000
   0.00000 -0.00862  0.00000
   0.00000  0.00000 -0.05121
  Trace          -0.06846
 Transformation to local coordinates 
 First  local vector :        0.000000        0.000000       -1.000000
 Second local vector :        1.000000        0.000000        0.000000
 Third  local vector :        0.000000       -1.000000        0.000000
  -0.05121  0.00000  0.00000
   0.00000 -0.00862  0.00000
   0.00000  0.00000 -0.00862

  19 interaction with atom     1 cell      15
 with coordinates     3.603050E+00    3.603050E+00    1.080915E+01
 and distance     7.206101E+00
  -0.00862  0.00000  0.00000
   0.00000 -0.00862  0.00000
   0.00000  0.00000 -0.05121
  Trace          -0.06846
 Transformation to local coordinates 
 First  local vector :        0.000000        0.000000        1.000000
 Second local vector :        1.000000        0.000000        0.000000
 Third  local vector :        0.000000        1.000000        0.000000
  -0.05121  0.00000  0.00000
   0.00000 -0.00862  0.00000
   0.00000  0.00000 -0.00862

  20 interaction with atom     1 cell      17
 with coordinates     3.603050E+00    1.080915E+01    3.603050E+00
 and distance     7.206101E+00
  -0.00862  0.00000  0.00000
   0.00000 -0.05121  0.00000
   0.00000  0.00000 -0.00862
  Trace          -0.06846
 Transformation to local coordinates 
 First  local vector :        0.000000        1.000000        0.000000
 Second local vector :        1.000000        0.000000        0.000000
 Third  local vector :        0.000000        0.000000       -1.000000
  -0.05121  0.00000  0.00000
   0.00000 -0.00862  0.00000
   0.00000  0.00000 -0.00862

  21 interaction with atom     1 cell      23
 with coordinates     1.080915E+01    3.603050E+00    3.603050E+00
 and distance     7.206101E+00
  -0.05121  0.00000  0.00000
   0.00000 -0.00862  0.00000
   0.00000  0.00000 -0.00862
  Trace          -0.06846
 Transformation to local coordinates 
 First  local vector :        1.000000        0.000000        0.000000
 Second local vector :        0.000000        1.000000        0.000000
 Third  local vector :        0.000000        0.000000        1.000000
  -0.05121  0.00000  0.00000
   0.00000 -0.00862  0.00000
   0.00000  0.00000 -0.00862

  22 interaction with atom     2 cell       5
 with coordinates    -3.603050E+00    3.603050E+00    0.000000E+00
 and distance     8.056665E+00
   0.00450  0.00000  0.00000
   0.00000 -0.00069  0.00000
   0.00000  0.00000  0.00030
  Trace           0.00411
 Transformation to local coordinates 
 First  local vector :       -0.894427        0.000000       -0.447214
 Second local vector :       -0.447214        0.000000        0.894427
 Third  local vector :        0.000000        1.000000        0.000000
   0.00366  0.00168  0.00000
   0.00168  0.00114  0.00000
   0.00000  0.00000 -0.00069

  23 interaction with atom     4 cell       5
 with coordinates    -3.603050E+00    0.000000E+00    3.603050E+00
 and distance     8.056665E+00
   0.00450  0.00000  0.00000
   0.00000  0.00030  0.00000
   0.00000  0.00000 -0.00069
  Trace           0.00411
 Transformation to local coordinates 
 First  local vector :       -0.894427       -0.447214        0.000000
 Second local vector :       -0.447214        0.894427        0.000000
 Third  local vector :        0.000000        0.000000       -1.000000
   0.00366  0.00168  0.00000
   0.00168  0.00114  0.00000
   0.00000  0.00000 -0.00069

  24 interaction with atom     2 cell       6
 with coordinates    -3.603050E+00    3.603050E+00    7.206101E+00
 and distance     8.056665E+00
   0.00450  0.00000  0.00000
   0.00000 -0.00069  0.00000
   0.00000  0.00000  0.00030
  Trace           0.00411
 Transformation to local coordinates 
 First  local vector :       -0.894427        0.000000        0.447214
 Second local vector :       -0.447214        0.000000       -0.894427
 Third  local vector :        0.000000       -1.000000        0.000000
   0.00366  0.00168  0.00000
   0.00168  0.00114  0.00000
   0.00000  0.00000 -0.00069

  25 interaction with atom     4 cell       8
 with coordinates    -3.603050E+00    7.206101E+00    3.603050E+00
 and distance     8.056665E+00
   0.00450  0.00000  0.00000
   0.00000  0.00030  0.00000
   0.00000  0.00000 -0.00069
  Trace           0.00411
 Transformation to local coordinates 
 First  local vector :       -0.894427        0.447214        0.000000
 Second local vector :       -0.447214       -0.894427        0.000000
 Third  local vector :        0.000000        0.000000        1.000000
   0.00366  0.00168  0.00000
   0.00168  0.00114  0.00000
   0.00000  0.00000 -0.00069

  26 interaction with atom     2 cell      11
 with coordinates     3.603050E+00   -3.603050E+00    0.000000E+00
 and distance     8.056665E+00
  -0.00069  0.00000  0.00000
   0.00000  0.00450  0.00000
   0.00000  0.00000  0.00030
  Trace           0.00411
 Transformation to local coordinates 
 First  local vector :        0.000000       -0.894427       -0.447214
 Second local vector :        0.000000       -0.447214        0.894427
 Third  local vector :       -1.000000        0.000000        0.000000
   0.00366  0.00168  0.00000
   0.00168  0.00114  0.00000
   0.00000  0.00000 -0.00069

  27 interaction with atom     3 cell      11
 with coordinates     0.000000E+00   -3.603050E+00    3.603050E+00
 and distance     8.056665E+00
   0.00030  0.00000  0.00000
   0.00000  0.00450  0.00000
   0.00000  0.00000 -0.00069
  Trace           0.00411
 Transformation to local coordinates 
 First  local vector :       -0.447214       -0.894427        0.000000
 Second local vector :        0.894427       -0.447214        0.000000
 Third  local vector :        0.000000        0.000000        1.000000
   0.00366  0.00168  0.00000
   0.00168  0.00114  0.00000
   0.00000  0.00000 -0.00069

  28 interaction with atom     2 cell      12
 with coordinates     3.603050E+00   -3.603050E+00    7.206101E+00
 and distance     8.056665E+00
  -0.00069  0.00000  0.00000
   0.00000  0.00450  0.00000
   0.00000  0.00000  0.00030
  Trace           0.00411
 Transformation to local coordinates 
 First  local vector :        0.000000       -0.894427        0.447214
 Second local vector :        0.000000       -0.447214       -0.894427
 Third  local vector :        1.000000        0.000000        0.000000
   0.00366  0.00168  0.00000
   0.00168  0.00114  0.00000
   0.00000  0.00000 -0.00069

  29 interaction with atom     3 cell      13
 with coordinates     0.000000E+00    3.603050E+00   -3.603050E+00
 and distance     8.056665E+00
   0.00030  0.00000  0.00000
   0.00000 -0.00069  0.00000
   0.00000  0.00000  0.00450
  Trace           0.00411
 Transformation to local coordinates 
 First  local vector :       -0.447214        0.000000       -0.894427
 Second local vector :        0.894427        0.000000       -0.447214
 Third  local vector :        0.000000       -1.000000        0.000000
   0.00366  0.00168  0.00000
   0.00168  0.00114  0.00000
   0.00000  0.00000 -0.00069

  30 interaction with atom     4 cell      13
 with coordinates     3.603050E+00    0.000000E+00   -3.603050E+00
 and distance     8.056665E+00
  -0.00069  0.00000  0.00000
   0.00000  0.00030  0.00000
   0.00000  0.00000  0.00450
  Trace           0.00411
 Transformation to local coordinates 
 First  local vector :        0.000000       -0.447214       -0.894427
 Second local vector :        0.000000        0.894427       -0.447214
 Third  local vector :        1.000000        0.000000        0.000000
   0.00366  0.00168  0.00000
   0.00168  0.00114  0.00000
   0.00000  0.00000 -0.00069

  31 interaction with atom     3 cell      15
 with coordinates     0.000000E+00    3.603050E+00    1.080915E+01
 and distance     8.056665E+00
   0.00030  0.00000  0.00000
   0.00000 -0.00069  0.00000
   0.00000  0.00000  0.00450
  Trace           0.00411
 Transformation to local coordinates 
 First  local vector :       -0.447214        0.000000        0.894427
 Second local vector :        0.894427        0.000000        0.447214
 Third  local vector :        0.000000        1.000000        0.000000
   0.00366  0.00168  0.00000
   0.00168  0.00114  0.00000
   0.00000  0.00000 -0.00069

  32 interaction with atom     4 cell      15
 with coordinates     3.603050E+00    0.000000E+00    1.080915E+01
 and distance     8.056665E+00
  -0.00069  0.00000  0.00000
   0.00000  0.00030  0.00000
   0.00000  0.00000  0.00450
  Trace           0.00411
 Transformation to local coordinates 
 First  local vector :        0.000000       -0.447214        0.894427
 Second local vector :        0.000000        0.894427        0.447214
 Third  local vector :       -1.000000        0.000000        0.000000
   0.00366  0.00168  0.00000
   0.00168  0.00114  0.00000
   0.00000  0.00000 -0.00069

  33 interaction with atom     4 cell      16
 with coordinates     3.603050E+00    7.206101E+00   -3.603050E+00
 and distance     8.056665E+00
  -0.00069  0.00000  0.00000
   0.00000  0.00030  0.00000
   0.00000  0.00000  0.00450
  Trace           0.00411
 Transformation to local coordinates 
 First  local vector :        0.000000        0.447214       -0.894427
 Second local vector :        0.000000       -0.894427       -0.447214
 Third  local vector :       -1.000000        0.000000        0.000000
   0.00366  0.00168  0.00000
   0.00168  0.00114  0.00000
   0.00000  0.00000 -0.00069

  34 interaction with atom     2 cell      17
 with coordinates     3.603050E+00    1.080915E+01    0.000000E+00
 and distance     8.056665E+00
  -0.00069  0.00000  0.00000
   0.00000  0.00450  0.00000
   0.00000  0.00000  0.00030
  Trace           0.00411
 Transformation to local coordinates 
 First  local vector :        0.000000        0.894427       -0.447214
 Second local vector :        0.000000        0.447214        0.894427
 Third  local vector :        1.000000        0.000000        0.000000
   0.00366  0.00168  0.00000
   0.00168  0.00114  0.00000
   0.00000  0.00000 -0.00069

  35 interaction with atom     3 cell      17
 with coordinates     0.000000E+00    1.080915E+01    3.603050E+00
 and distance     8.056665E+00
   0.00030  0.00000  0.00000
   0.00000  0.00450  0.00000
   0.00000  0.00000 -0.00069
  Trace           0.00411
 Transformation to local coordinates 
 First  local vector :       -0.447214        0.894427        0.000000
 Second local vector :        0.894427        0.447214        0.000000
 Third  local vector :        0.000000        0.000000       -1.000000
   0.00366  0.00168  0.00000
   0.00168  0.00114  0.00000
   0.00000  0.00000 -0.00069

  36 interaction with atom     2 cell      18
 with coordinates     3.603050E+00    1.080915E+01    7.206101E+00
 and distance     8.056665E+00
  -0.00069  0.00000  0.00000
   0.00000  0.00450  0.00000
   0.00000  0.00000  0.00030
  Trace           0.00411
 Transformation to local coordinates 
 First  local vector :        0.000000        0.894427        0.447214
 Second local vector :        0.000000        0.447214       -0.894427
 Third  local vector :       -1.000000        0.000000        0.000000
   0.00366  0.00168  0.00000
   0.00168  0.00114  0.00000
   0.00000  0.00000 -0.00069

  37 interaction with atom     4 cell      18
 with coordinates     3.603050E+00    7.206101E+00    1.080915E+01
 and distance     8.056665E+00
  -0.00069  0.00000  0.00000
   0.00000  0.00030  0.00000
   0.00000  0.00000  0.00450
  Trace           0.00411
 Transformation to local coordinates 
 First  local vector :        0.000000        0.447214        0.894427
 Second local vector :        0.000000       -0.894427        0.447214
 Third  local vector :        1.000000        0.000000        0.000000
   0.00366  0.00168  0.00000
   0.00168  0.00114  0.00000
   0.00000  0.00000 -0.00069

  38 interaction with atom     3 cell      20
 with coordinates     7.206101E+00   -3.603050E+00    3.603050E+00
 and distance     8.056665E+00
   0.00030  0.00000  0.00000
   0.00000  0.00450  0.00000
   0.00000  0.00000 -0.00069
  Trace           0.00411
 Transformation to local coordinates 
 First  local vector :        0.447214       -0.894427        0.000000
 Second local vector :       -0.894427       -0.447214        0.000000
 Third  local vector :        0.000000        0.000000       -1.000000
   0.00366  0.00168  0.00000
   0.00168  0.00114  0.00000
   0.00000  0.00000 -0.00069

  39 interaction with atom     3 cell      22
 with coordinates     7.206101E+00    3.603050E+00   -3.603050E+00
 and distance     8.056665E+00
   0.00030  0.00000  0.00000
   0.00000 -0.00069  0.00000
   0.00000  0.00000  0.00450
  Trace           0.00411
 Transformation to local coordinates 
 First  local vector :        0.447214        0.000000       -0.894427
 Second local vector :       -0.894427        0.000000       -0.447214
 Third  local vector :        0.000000        1.000000        0.000000
   0.00366  0.00168  0.00000
   0.00168  0.00114  0.00000
   0.00000  0.00000 -0.00069

  40 interaction with atom     2 cell      23
 with coordinates     1.080915E+01    3.603050E+00    0.000000E+00
 and distance     8.056665E+00
   0.00450  0.00000  0.00000
   0.00000 -0.00069  0.00000
   0.00000  0.00000  0.00030
  Trace           0.00411
 Transformation to local coordinates 
 First  local vector :        0.894427        0.000000       -0.447214
 Second local vector :        0.447214        0.000000        0.894427
 Third  local vector :        0.000000       -1.000000        0.000000
   0.00366  0.00168  0.00000
   0.00168  0.00114  0.00000
   0.00000  0.00000 -0.00069

  41 interaction with atom     4 cell      23
 with coordinates     1.080915E+01    0.000000E+00    3.603050E+00
 and distance     8.056665E+00
   0.00450  0.00000  0.00000
   0.00000  0.00030  0.00000
   0.00000  0.00000 -0.00069
  Trace           0.00411
 Transformation to local coordinates 
 First  local vector :        0.894427       -0.447214        0.000000
 Second local vector :        0.447214        0.894427        0.000000
 Third  local vector :        0.000000        0.000000        1.000000
   0.00366  0.00168  0.00000
   0.00168  0.00114  0.00000
   0.00000  0.00000 -0.00069

  42 interaction with atom     2 cell      24
 with coordinates     1.080915E+01    3.603050E+00    7.206101E+00
 and distance     8.056665E+00
   0.00450  0.00000  0.00000
   0.00000 -0.00069  0.00000
   0.00000  0.00000  0.00030
  Trace           0.00411
 Transformation to local coordinates 
 First  local vector :        0.894427        0.000000        0.447214
 Second local vector :        0.447214        0.000000       -0.894427
 Third  local vector :        0.000000        1.000000        0.000000
   0.00366  0.00168  0.00000
   0.00168  0.00114  0.00000
   0.00000  0.00000 -0.00069

  43 interaction with atom     3 cell      24
 with coordinates     7.206101E+00    3.603050E+00    1.080915E+01
 and distance     8.056665E+00
   0.00030  0.00000  0.00000
   0.00000 -0.00069  0.00000
   0.00000  0.00000  0.00450
  Trace           0.00411
 Transformation to local coordinates 
 First  local vector :        0.447214        0.000000        0.894427
 Second local vector :       -0.894427        0.000000        0.447214
 Third  local vector :        0.000000       -1.000000        0.000000
   0.00366  0.00168  0.00000
   0.00168  0.00114  0.00000
   0.00000  0.00000 -0.00069

  44 interaction with atom     3 cell      26
 with coordinates     7.206101E+00    1.080915E+01    3.603050E+00
 and distance     8.056665E+00
   0.00030  0.00000  0.00000
   0.00000  0.00450  0.00000
   0.00000  0.00000 -0.00069
  Trace           0.00411
 Transformation to local coordinates 
 First  local vector :        0.447214        0.894427        0.000000
 Second local vector :       -0.894427        0.447214        0.000000
 Third  local vector :        0.000000        0.000000        1.000000
   0.00366  0.00168  0.00000
   0.00168  0.00114  0.00000
   0.00000  0.00000 -0.00069

  45 interaction with atom     4 cell      26
 with coordinates     1.080915E+01    7.206101E+00    3.603050E+00
 and distance     8.056665E+00
   0.00450  0.00000  0.00000
   0.00000  0.00030  0.00000
   0.00000  0.00000 -0.00069
  Trace           0.00411
 Transformation to local coordinates 
 First  local vector :        0.894427        0.447214        0.000000
 Second local vector :        0.447214       -0.894427        0.000000
 Third  local vector :        0.000000        0.000000       -1.000000
   0.00366  0.00168  0.00000
   0.00168  0.00114  0.00000
   0.00000  0.00000 -0.00069

  46 interaction with atom     1 cell       2
 with coordinates    -3.603050E+00   -3.603050E+00    3.603050E+00
 and distance     1.019097E+01
  -0.00117  0.00000  0.00000
   0.00000 -0.00117  0.00000
   0.00000  0.00000  0.00045
  Trace          -0.00189
 Transformation to local coordinates 
 First  local vector :       -0.707107       -0.707107        0.000000
 Second local vector :        0.707107       -0.707107        0.000000
 Third  local vector :        0.000000        0.000000        1.000000
  -0.00117  0.00000  0.00000
   0.00000 -0.00117  0.00000
   0.00000  0.00000  0.00045

  47 interaction with atom     1 cell       4
 with coordinates    -3.603050E+00    3.603050E+00   -3.603050E+00
 and distance     1.019097E+01
  -0.00117  0.00000  0.00000
   0.00000  0.00045  0.00000
   0.00000  0.00000 -0.00117
  Trace          -0.00189
 Transformation to local coordinates 
 First  local vector :       -0.707107        0.000000       -0.707107
 Second local vector :        0.707107        0.000000       -0.707107
 Third  local vector :        0.000000       -1.000000        0.000000
  -0.00117  0.00000  0.00000
   0.00000 -0.00117  0.00000
   0.00000  0.00000  0.00045

  48 interaction with atom     1 cell       6
 with coordinates    -3.603050E+00    3.603050E+00    1.080915E+01
 and distance     1.019097E+01
  -0.00117  0.00000  0.00000
   0.00000  0.00045  0.00000
   0.00000  0.00000 -0.00117
  Trace          -0.00189
 Transformation to local coordinates 
 First  local vector :       -0.707107        0.000000        0.707107
 Second local vector :        0.707107        0.000000        0.707107
 Third  local vector :        0.000000        1.000000        0.000000
  -0.00117  0.00000  0.00000
   0.00000 -0.00117  0.00000
   0.00000  0.00000  0.00045

  49 interaction with atom     1 cell       8
 with coordinates    -3.603050E+00    1.080915E+01    3.603050E+00
 and distance     1.019097E+01
  -0.00117  0.00000  0.00000
   0.00000 -0.00117  0.00000
   0.00000  0.00000  0.00045
  Trace          -0.00189
 Transformation to local coordinates 
 First  local vector :       -0.707107        0.707107        0.000000
 Second local vector :        0.707107        0.707107        0.000000
 Third  local vector :        0.000000        0.000000       -1.000000
  -0.00117  0.00000  0.00000
   0.00000 -0.00117  0.00000
   0.00000  0.00000  0.00045

  50 interaction with atom     1 cell      10
 with coordinates     3.603050E+00   -3.603050E+00   -3.603050E+00
 and distance     1.019097E+01
   0.00045  0.00000  0.00000
   0.00000 -0.00117  0.00000
   0.00000  0.00000 -0.00117
  Trace          -0.00189
 Transformation to local coordinates 
 First  local vector :        0.000000       -0.707107       -0.707107
 Second local vector :        1.000000        0.000000        0.000000
 Third  local vector :        0.000000       -0.707107        0.707107
  -0.00117  0.00000  0.00000
   0.00000  0.00045  0.00000
   0.00000  0.00000 -0.00117

  51 interaction with atom     1 cell      12
 with coordinates     3.603050E+00   -3.603050E+00    1.080915E+01
 and distance     1.019097E+01
   0.00045  0.00000  0.00000
   0.00000 -0.00117  0.00000
   0.00000  0.00000 -0.00117
  Trace          -0.00189
 Transformation to local coordinates 
 First  local vector :        0.000000       -0.707107        0.707107
 Second local vector :        1.000000        0.000000        0.000000
 Third  local vector :        0.000000        0.707107        0.707107
  -0.00117  0.00000  0.00000
   0.00000  0.00045  0.00000
   0.00000  0.00000 -0.00117

  52 interaction with atom     1 cell      16
 with coordinates     3.603050E+00    1.080915E+01   -3.603050E+00
 and distance     1.019097E+01
   0.00045  0.00000  0.00000
   0.00000 -0.00117  0.00000
   0.00000  0.00000 -0.00117
  Trace          -0.00189
 Transformation to local coordinates 
 First  local vector :        0.000000        0.707107       -0.707107
 Second local vector :        1.000000        0.000000        0.000000
 Third  local vector :        0.000000       -0.707107       -0.707107
  -0.00117  0.00000  0.00000
   0.00000  0.00045  0.00000
   0.00000  0.00000 -0.00117

  53 interaction with atom     1 cell      18
 with coordinates     3.603050E+00    1.080915E+01    1.080915E+01
 and distance     1.019097E+01
   0.00045  0.00000  0.00000
   0.00000 -0.00117  0.00000
   0.00000  0.00000 -0.00117
  Trace          -0.00189
 Transformation to local coordinates 
 First  local vector :        0.000000        0.707107        0.707107
 Second local vector :        1.000000        0.000000        0.000000
 Third  local vector :        0.000000        0.707107       -0.707107
  -0.00117  0.00000  0.00000
   0.00000  0.00045  0.00000
   0.00000  0.00000 -0.00117

  54 interaction with atom     1 cell      20
 with coordinates     1.080915E+01   -3.603050E+00    3.603050E+00
 and distance     1.019097E+01
  -0.00117  0.00000  0.00000
   0.00000 -0.00117  0.00000
   0.00000  0.00000  0.00045
  Trace          -0.00189
 Transformation to local coordinates 
 First  local vector :        0.707107       -0.707107        0.000000
 Second local vector :        0.707107        0.707107        0.000000
 Third  local vector :        0.000000        0.000000        1.000000
  -0.00117  0.00000  0.00000
   0.00000 -0.00117  0.00000
   0.00000  0.00000  0.00045

  55 interaction with atom     1 cell      22
 with coordinates     1.080915E+01    3.603050E+00   -3.603050E+00
 and distance     1.019097E+01
  -0.00117  0.00000  0.00000
   0.00000  0.00045  0.00000
   0.00000  0.00000 -0.00117
  Trace          -0.00189
 Transformation to local coordinates 
 First  local vector :        0.707107        0.000000       -0.707107
 Second local vector :        0.707107        0.000000        0.707107
 Third  local vector :        0.000000       -1.000000        0.000000
  -0.00117  0.00000  0.00000
   0.00000 -0.00117  0.00000
   0.00000  0.00000  0.00045

  56 interaction with atom     1 cell      24
 with coordinates     1.080915E+01    3.603050E+00    1.080915E+01
 and distance     1.019097E+01
  -0.00117  0.00000  0.00000
   0.00000  0.00045  0.00000
   0.00000  0.00000 -0.00117
  Trace          -0.00189
 Transformation to local coordinates 
 First  local vector :        0.707107        0.000000        0.707107
 Second local vector :        0.707107        0.000000       -0.707107
 Third  local vector :        0.000000        1.000000        0.000000
  -0.00117  0.00000  0.00000
   0.00000 -0.00117  0.00000
   0.00000  0.00000  0.00045

  57 interaction with atom     1 cell      26
 with coordinates     1.080915E+01    1.080915E+01    3.603050E+00
 and distance     1.019097E+01
  -0.00117  0.00000  0.00000
   0.00000 -0.00117  0.00000
   0.00000  0.00000  0.00045
  Trace          -0.00189
 Transformation to local coordinates 
 First  local vector :        0.707107        0.707107        0.000000
 Second local vector :        0.707107       -0.707107        0.000000
 Third  local vector :        0.000000        0.000000       -1.000000
  -0.00117  0.00000  0.00000
   0.00000 -0.00117  0.00000
   0.00000  0.00000  0.00045

  58 interaction with atom     2 cell       2
 with coordinates    -3.603050E+00   -3.603050E+00    0.000000E+00
 and distance     1.080915E+01
   0.00032  0.00000  0.00000
   0.00000  0.00032  0.00000
   0.00000  0.00000 -0.00005
  Trace           0.00060
 Transformation to local coordinates 
 First  local vector :       -0.666667       -0.666667       -0.333333
 Second local vector :       -0.235702       -0.235702        0.942809
